 (단위:천원, %)
                    
   -----------------------------------------------------------
   구     분   도시근로자     농   가     농가소득비율
   -----------------------------------------------------------
      87         6,637          6,535         98.5
      88         7,760          8,130        104.8
      89         9,659          9,437         97.7
      90        11,320         11,026         97.4
      91        13,903         13,105         94.3
      92        16,273         14,505         89.1
      93        17,734         16,928         95.5
   -----------------------------------------------------------
                    
                    
                    
                    
                    



